i 6000 1250 5500 1 4614
i 6000 1250 5500 1 4615
d 12000 1500 7500 3 299493
i 10000 1500 9500 1 7352
i 10000 1500 9500 1 7353
d 12000 1500 9500 2 337737
i 6000 1750 12000 1 7039
i 6000 1750 12000 1 7040
i 7000 2000 12000 1 4419
i 7000 2000 12000 1 4420
i 7000 2000 12000 1 4421
i 7000 2000 12000 1 4422
i 10000 2000 4000 1 2344
i 16000 2000 4000 1 7676
i 16000 2250 12000 1 2023
i 14219 2250 4250 1 2186
i 8000 2250 4250 1 4011
i 8000 2250 4250 1 4012
i 8000 2250 4250 1 4013
i 8000 2250 5000 1 7466
i 16000 2250 5000 1 1778
i 16000 2250 6000 1 3949
i 8000 2250 6000 1 7826
i 8000 2250 6000 1 7827
i 8000 2250 6000 1 7828
i 14000 2500 3875 1 3599
i 14000 2500 5000 1 6593
d 4000 2500 5500 2 359998
d 12000 2500 5500 2 359998
d 16000 2500 7500 1 55588
i 10000 2500 8000 1 1383
i 10000 2750 5500 1 7071
i 16000 2750 6000 1 3982
i 12000 2750 7250 1 1837
i 8000 3000 10000 1 7190
i 10000 3250 6625 1 1633
i 10000 3500 3500 1 3833
i 8000 3500 3500 3 1267
d 10000 3500 5500 14 505837
d 6000 3500 7500 1 627349
d 8000 3500 7500 1 627349
d 10000 3500 7500 1 627349
d 12000 3500 7500 1 627349
d 14000 3500 7500 1 627349
d 16000 3500 7500 1 627349
d 18000 3500 7500 1 627349
d 20000 3500 7500 1 627349
d 22000 3500 7500 1 627349
d 26000 3500 7500 1 627349
d 10000 3500 7500 1 627349
d 8000 3500 7500 1 627349
d 6000 3500 9500 1 516465
d 10000 3500 9500 1 516465
d 12000 3500 9500 1 516465
i 5000 4000 5500 1 2728
i 4000 4250 10000 1 6844
i 4000 4250 10000 1 6845
i 4000 4250 10000 1 6846
i 4000 4250 10000 1 6847
i 4000 4250 10000 1 6848
i 16000 4250 10000 1 7376
i 34000 4250 10000 1 1051
i 14000 4250 12000 1 4944
i 22000 4250 16000 1 7253
i 16000 4250 4250 1 2121
i 14000 4250 4250 1 3781
i 5578 4250 6000 1 4249
i 6000 4500 12000 1 2722
d 8000 4500 12000 1 31838
i 3833 5000 12000 1 7661
d 6000 5500 5500 1 814843
d 4000 5500 5500 1 814843
d 10000 5500 7500 14 821644
i 5323 5500 9500 1 2180
i 5323 5500 9500 1 2181
i 10000 5750 5750 1 3751
i 16000 6000 18000 1 4541
i 4000 6250 16000 1 4007
i 4000 6250 6500 1 6142
d 8000 7500 7500 3 671953
d 10000 7500 7500 3 671953
d 14000 7500 7500 3 671953
d 10000 7500 7500 3 671953
d 8000 7500 7500 3 671953
d 4000 7500 7500 3 671953
d 8000 7500 7500 3 671953
i 12000 9500 15500 1 7183
i 16000 9500 15500 1 476
i 8000 10000 10000 1 5338
i 5750 10000 10000 1 7159
i 10000 11500 11500 1 7452
i 12000 12000 24000 1 5877
